50000
30000
1125555
15372000
138500
214998
15959000
1444000
40000000
500000
2700000
6995555
180000
310000
865460
410000
456890
130000
30500000
830000
390000
1989999
555555
99998
23999
750000
380000
39000
50000
7000000
65000
36000
370000
205420
3444444
1278999
9000000
96666669
86000
980999
63000
394899
49999
69123
134690
22000
450000
50000
400000
45000
115000
850000
33000
63000
60000
63500
995000
24500
65000
34000
38069
59999
37999
22500
99999
72000
63100
57111
90000
57000
42888
6000
50000
230000
60900
63444
79000
158000
5995
72950
59000
68420
130000
88999
420000
63000
59999
360000
65000
215555
63999
4000
10444
72999
64650
8500
6000
8888
200000
31111
57777
79000
51500
8899
26600
9000
18998
11000
4000
15000
28990
97490
77999
34000
500000
17999
100000
84000
27777
8490
56969
11111
9500
8500
22222
16999
24000
14000
37500
6500
8500
4400
48000
5000
4000
7000
1999
6989
17500
13999
37000
20000
26666
9820
29400
3000
21000
9000
12000
39885
29980
9999
9999
18000
38998
22500
221000
73000
600
600
52000
50000
55500
12000
27800
20750
59888
49998
48999
45000
44444
15555
7999
41999
14999
60000
31999
175000
51999
40000
47885
10999
24000
6000
12555
37000
200
11000
12800
9999
10000
37250
47000
13000
6500
8000
9400
14000
13333
17111
24234
20000
13777
91998
44500
15000
32000
120000
10999
38888
57000
11111
447777
19000
460000
45000
8000000
9999
37000
29790
9999
8111
25000
13333
51000
12000
6666
39000
15000
74999
47000
13899
39700
28420
3980
22222
9999
9999
30777
15000
270000
5420
13499
24500
45500
6789
11000
45000
2875
3500
12000
22222
19777
12000
370000
6999
40000
100000
6500
7000
12999
37999
4477
47900
22770
41000
17000
57088
12500
1400000
50420
103000
19500
37776
6999
17777
24000
11000
15998
19000
11444
39090
480000
40000
47898
28000
20000
23998
10000
61999
19999
414998
4000
68999
10000
2900
13000
21410
32500
17900
19999
5000
9000
102000
2500
10200
3888
14444
15000
3500
68000
5000
3800
3990
14000
220000
5000
12990
10250
60000
54444
13999
19800
18000
275000
25000
179999
2300
92888
27990
6000
4999
5000
19999
275000
35420
47248
169999
9000
48888
8777
39000
11200
63000
3489
93000
32888
28690
48888
8900
19999
75000
38888
36420
32222
18999
20000
63995
50000
22100
25400
63000
28999
29999
55000
27999
9999
20699
27777
66000
19350
28000
28000
6998
29000
15000
33333
30000
47700
36000
23333
32898
11000
33000
11399
8299
12500
29000
9000
49999
42222
26000
28887
15500
7000
23999
20000
180000
12000
9500
32420
19900
21800
27000
9950
16700
15666
18000
2499
3000
14799
39000
25000
11000
7000
6399
14888
13000
999
45000
12111
11000
33333
5420
7000
1499
11000
9000
37999
10999
58000
10000
3111
155998
85600
72000
132420
42250
299000
28300
45000
48999
26000
24000
34500
27999
23999
13299
30000
29499
25999
38770
32000
27000
24999
37000
1500
33999
40000
18998
4999
20000
24987
18000
10300
11000
10000
27999
28999
18000
13333
29987
10000
149888
14000
27000
188296
139000
24420
31500
749999
3500
298000
35000
11000
71000
10248
50000
82000
229990
8000
12999
34420
62111
7800
33998
252
103000
64500
50000
12333
69696
3000
88888
12000
70000
19998
34000
21000
19852
7500
644900
248900
3000
14000
164998
65969
8000
36000
104000
188888
59000
670000
11999
90000
46885
17000
41000
130000
11450
4500
14299
18000
87420
29888
54000
11000
72000
15000
60000
28000
47000
50000
228888
64999
130000
70000
80000
170000
343000
180000
105000
233333
50000
77000
9999
20000
33000
29000
16000
55444
21999
30420
40000
23000
7900
165000
8900
14000
39999
144000
71000
15000
9444
65000
36000
1229994
76000
14222
38000
43500
48187
31888
23000
16420
20996
40011
38999
43000
21000
15999
17000
23888
69999
69999
30000
40000
48750
60420
14450
20000
23500
159999
8888
19500
18998
19999
17996
24420
14499
67000
39999
44000
48500
41999
27999
18999
50000
64999
159999
56000
62000
78888
15988
56700
2888
2000
38000
450000
10000
9999
16800
1570000
3560
44444
21000
11000
28500
15499
23333
20000
8000
4000
9899
12000
5000
27000
9998
6500
30000
19999
31000
15000
17000
7079
26000
52222
22222
12500
42000
62000
15000
10000
27000
6999
45500
22500
20000
9000
45420
8999
10000
7999
2999
2999
2900
1555
1409
1400
2400
1200
2299
799
1050
750
775
2233
2599
800
150
80
971
2300
190
1000
322
500
369
1800
2345
466
130
1200
1700
300
100
1799
166
1990
627
1000
300
255
35
100
480
59
68
388
777
250
500
230
1299
99
88
35
99
75
38
173
300
75
90
79
90
250
68
70
100
86
185
63
90
60
70
60
266
740
63
6999
38
43
175
55
22
45
590
49
100
50
45
99
72
228
39
150
400
20
20
90
29
200
130
68
34
34
50
48
290
169
48
198
34
89
26
28
67777
29999
99000
43550
33420
26998
88000
35888
16500
25555
35000
30000
17500
31000
27777
54000
12142
13500
12999
8000
13995
29000
8000
9000
10000
19899
18000
4500
9999
15999
12000
40000
4499
19999
17999
3969
9000
30000
16500
44444
14000
18000
9500
31000
48000
2999
2555
7000
16777
3500
7000
3300
32000
9700
14000
33333
14000
2122
54000
8000
2600
47000
14000
8500
19999
28000
18000
19999
40000
4997
21000
49950
33000
8000
1999
13999
9800
10000
10000
7000
20000
9000
6000
1600
24898
4999
11111
5420
1299
4999
6777
9999
3888
18995
10000
34000
3499
1635
17777
4400
9000
13000
2750
7777
2999
37300
1800
1500
4400
2400
902
1999
6500
2000
20000
5900
2500
1700
500
1221
1663
6500
996
1699
3999
18000
19500
20000
39000
45000
11399
18999
9999
15000
10000
18499
8969
12899
10499
11300
5000
4499
4141
5600
1947
2500
2100
66666
12670
14444
12000
45444
95000
24444
45000
38900
18000
7263
7998
6200
14999
11111
14500
16000
34850
8500
3998
11110
6000
5500
8888
14000
2344
30000
49000
7984
48999
35000
45000
3333
40000
1000
67777
14000
35000
30000
8300
59999
49999
5000
8888
25555
22000
3200
25999
119000
7999
19999
22222
40000
11900
12999
19999
7999
8177
13000
13400
10500
9000
8000
6000
2000
10300
5999
4750
8700
3000
12000
11666
2500
6000
4200
10000
12000
5000
11999
20000
6000
2239
9999
15000
2300
9990
2450
5555
4333
2859
2000
4000
9000
832
4123
3000
1400
1000
2000
7700
4000
22000
10999
8499
5000
6000
7999
3400
7500
1000
1798
22222
10420
9900
28000
83000
19999
44000
27000
90000
22000
13000
52000
3000
4000
26555
56000
16666
26499
2250
122
15200
58888
49999
7000
12500
3500
11111
23000
23977
7000
14900
14000
6400
2900
5400
5500
5555
6000
6000
18855
9500
15000
25420
6420
2333
4500
3888
50000
4000
20000
3000
9999
9800
20000
12000
1000
11111
14444
1333
4299
1000
8000
1000
6537
10000
8500
88088
38000
29990
12000
2000
17700
14000
34998
7000
9999
9999
16999
3900
35000
14997
25000
47950
233333
20420
25999
8000
62000
2904
10000
7111
33999
11999
19999
4990
6998
1899
69420
5800
6999
11000
7000
9998
4999
5777
12300
5269
7900
65000
25000
4000
12000
11111
9911
7000
32111
7666
5999
20000
8000
4000
9900
6699
11500
2500
16000
6500
7000
35000
4000
8798
13000
9990
11000
23999
999
8000
39999
9000
4000
2222
69200
3698
6666
17999
3900
13333
17000
6500
5420
12777
2800
7999
3000
8400
5555
16900
9900
3000
18500
5000
4700
5000
6800
9000
2000
5000
1999
1999
6988
2300
5999
5888
3000
1500
1799
7000
4888
2222
999
2500
34500
700
1000
55000
35000
9000
9000
9125
5999
6420
2222
7500
6666
4000
899
3000
500
2222
1000
9000
4569
1000
4350
11111
45000
14900
3333
7777
90000
5000
17999
4444
9500
7000
23400
14000
1500
28999
1900
400
9900
600
500
9800
2900
28000
109000
24500
10000
7199
22500
21488
13995
9000
20000
29292
9990
9876
58000
16900
4900
98000
19999
6000
72000
20999
15999
16999
16000
15500
10900
13000
11999
8900
9999
19777
12000
17000
95000
8799
10500
26888
14777
16000
13000
11400
17000
8000
15000
16400
9999
15000
6666
10000
5999
12000
6555
10000
10995
8500
9999
8000
16750
3000
5484
3000
9800
10000
7000
8500
3900
4000
60000
1898
7400
1399
3950
2000
5555
1150
6000
990
800
4000
2500
6420
1800
1888
4444
14420
7000
6000
10995
9888
9000
11000
11000
25000
24000
4200
20000
34000
14400
70000
40300
10000
12069
19000
55000
3000
14499
80000
48888
3800
48888
28000
13000
35000
22800
22300
25900
8000
14500
27777
125999
25000
13500
18857
31000
55555
8174
15499
54444
46500
19999
14000
115000
99000
4800
14215
11000
28000
25000
5174
20000
6000
12000
7180
18630
2342
15000
3000
4200
7680
1000
6123
2100
3900
5103
10000
7179
5250
5005
1700
7481
7062
6958
5501
4902
9876
10000
18654
11999
9000
8999
1660
350000
600
5000
350000
80000
4990
18500
200000
10400
22222
10000
25000
11000
24000
22222
179998
35000
40000
140000
59000
71999
13800
8888
8999
10000
6500
9400
9990
1999
9000
6500
5000
11900
144444
10000
8000
4568
8997
6899
7666
8000
4500
7888
15000
6489
9900
42000
6000
10000
80000
8000
31420
6450
11420
20999
5999
69250
18000
8888
5555
24000
26000
12500
4000
5000
9999
28000
5774
27000
39420
46420
5999
7500
3142
6000
12123
14420
44444
4000
4444
4399
3888
4111
4950
14141
34444
6550
5000
10000
9555
8888
22000
6000
8888
10420
3801
3500
5000
2420
9988
7000
9000
1000
1000
4000
1205
2000
12000
999
1500
5000
26999
40000
18888
40000
11500
125000
34777
40000
20999
150000
25000
16999
49000
16000
11999
11500
7406
12000
15000
26000
21999
13999
6969
47000
74000
17000
4444
22222
5900
50000
17000
29999
20000
19900
7999
4150
22999
10000
30000
189999
30000
17972
7800
18000
24900
7690
30000
15967
15000
18000
100000
17000
18000
20000
12000
2602
9900
21000
12990
59991
15615
111110
8000
21500
4699
111111
14444
380000
10000
7000
3999
9999
33333
7777
3750
16666
10000
15500
11000
6666
19000
11111
15900
5490
12999
9000
14998
10000
38999
4999
5000
5900
15000
2998
4299
14100
2000
4711
4000
9999
17500
2800
3999
6000
9999
3898
4989
1773
8888
45000
44990
5000
5000
13700
2500
8000
3000
20000
2298
15000
22420
43999
12222
10000
8888
12000
19999
9888
11500
3819
4444
3600
40000
21250
19000
9000
9749
25000
2400
13500
4899
11777
27599
5898
9999
6999
3999
2000
9999
5555
4500
2400
7999
10000
1628
1500
3000
1400
472
14400
14750
470
8887
4000
3220
2000
3000
9000
9841
9950
1000
7500
23333
2000
8888
9500
5000
471
493
999
9000
700
999
1500
1999
22900
15000
600
1300
4000
4000
92999
7000
12995
35000
36500
4420
3400
3333
5000
2500
3000
8888
4500
4500
7000
10000
20000
24250
20000
1260
99420
22000
9999
2480
4439
11000
20000
14000
24000
19000
24888
15000
11111
12000
10555
11000
10250
9500
573
527
894
729
534
45999
23333
39444
21000
16000
25555
6900
25555
1000
2998
6999
999
8000
4649
1500
5000
3000
1200
5900
57000
10000
1499
3000
1000
3000
16500
12000
9000
20099
8999
13000
12999
511111
1358000
53000
4000
320000
20000
29000
4000
22500
10000
12000
18999
12000
7800
15450
11200
53900
79999
14888
20000
34444
598900
60999
37000
70000
440000
11000
11500
50009
6500
7366666
30300
26000
126
150
32760
24000
32000
25600
15000
8077
29999
1969
4000
9999
34999
2700
3000
9750
1000
2999
10000
9876
10000
604
290200
12000
132999
18000
40999
25000
28995
1000
8777
17000
750000
80000
238990
400
1050
27999
10999
11111
17900
16123
9990
8100
15000
38000
1000
7499
13888
13333
42000
12000
34000
9999
12000
28000
8069
210000
69666
72000
9500
7000000
91950
31999
12000
19000
19400
20300
39999
2349
790
250
520
28999
7500
9000
16000
90000
1500
2900
2899
945
34000
280000
30000
40000
1850000
360000
1100000
4900000
50900
3000
48000
67000
26900
37500
12000
17999
88888
28888
15000
258000
198327
87000
980
1300
1900
450
34000
1500
7000
48500
49000
36000
40000
87000
50000
22299
14000
32000
5100
14300
8740
15000
95000
8800
8100
5000
33333
17000
9000
23000
34601
25000
69699
69500
2999
4444
9000
7999
500
8500
7799
8000
2800
50000
19999
5555
4479
4500
7000
9000
49950
30000
40000
100000
14000
2666
10000
29998
13777
20000
29999
20000
1030
27000
5900
58000
52000
2500
2900
2300
3100
8999
29999
9000
7776
42000
8879
20999
15500
20000
24444
19899
12000
100000
749000
120000
35555
1247
2900
9999
11111
109999
64000
21999
49000
43000
147998
53000
43500
98888
84999
30000
9500
24555
24798
69999
175555
183
2100
48000
13955
499
1221
543000
42000
48900
54444
1207
20000
39600
69000
16000
10000
7998
49999
50000
2999
5420
5000
12000
5000
9998
11000
1000
5000
5490
2500
8495
12880
4500
733
70000
6750
13666
19999
9699
3000
4000
2499
2498
24000
4495
9999
1700
9000
5000
9000
7000
5400
8750
14000
49999
10000
12000
4000
6900
11999
12000
100000
4000
4888
3509
39999
27500
1000
1000
1000
1000
1000
1000
1000
1000
1000
1000
1000
1000
1000
36000
1000
50000
1000
1000
25800
10000
1000
1000
1000
1000
20000
20000
20000
0
26999
32878
35000
90000
33000
50899
685200
2000
22000
69995
37500
38000
24666
12000
15600
23999
24500
36000
518000
575000
18000
2200
27000
17500
9000000
15555
8399
3500
4399
750
2000
4990
16777
288
3500
3500
800
950
900
950
3000
5000
5000
4000
12000
5125
2500
8000
12000
7776
11499
25000
13000
17000
9000
7999
3900
23500
